DATASET: MUTAG	MODE: new_aug	AUG PROBS: [0.         0.63186764 0.36813236 0.        ]
DATASET: MUTAG	MODE: new_aug	AUG PROBS: [0.        0.6077054 0.3922946 0.       ]
DATASET: MUTAG	MODE: new_aug	AUG PROBS: [0.        0.3721732 0.6278268 0.       ]
DATASET: MUTAG	MODE: old_aug	AUG PROBS: [0.         0.17064435 0.05476021 0.03857755 0.         0.11512408 0.         0.01484208 0.16240886 0.         0.06455206 0.09278749 0.         0.         0.         0.03750695 0.16966631 0.05399539 0.         0.         0.02513467 0.         0.         0. 0.        ]
DATASET: PROTEINS	MODE: new_aug	AUG PROBS: [0.27700316 0.27389746 0.32041506 0.12868432]
DATASET: NCI1	MODE: old_aug	AUG PROBS: [0.02409292 0.19196309 0.         0.12346171 0.07721186 0.16578922 0.         0.         0.04542776 0.02681914 0.         0. 0.         0.         0.         0.12518956 0.08198495 0. 0.         0.04122481 0.04904279 0.01162968 0.         0.0361625 0.        ]
DATASET: PROTEINS	MODE: old_aug	AUG PROBS: [0.04341213 0.02806603 0.04450502 0.07693389 0.05181317 0.03717727  0.04939137 0.03466183 0.05497025 0.04928244 0.04480744 0.04705223 0.         0.06432731 0.01541239 0.04346086 0.04916228 0.05338598 0.00301865 0.07336426 0.03183776 0.04236152 0.         0.06159592 0.        ]
~~~~~~~~~~~~~~~~~~~~~~~~~~~
DATASET: MUTAG	MODE: old_aug	AUG PROBS: [0.         0.06251628 0.03447232 0.00113934 0.05512229 0.23850262 0.         0.1652887  0.12366777 0.         0.00718329 0.13235506 0.         0.         0.         0.00862155 0.13723202 0.02583836 0.         0.         0.0080604  0.         0.         0. 0.        ]
~~~~~~~~~~~~~~~~~~~~~~~~~~~
DATASET: MUTAG	MODE: new_aug	AUG PROBS: [0.         0.72725001 0.27274999 0.        ]
~~~~~~~~~~~~~~~~~~~~~~~~~~~
DATASET: MUTAG	MODE: new_aug	AUG PROBS: [0.00292281 0.59732852 0.39974867 0.        ]
~~~~~~~~~~~~~~~~~~~~~~~~~~~
DATASET: NCI1	MODE: old_aug	AUG PROBS: [0.03627097 0.20818636 0.         0.13075092 0.06179925 0.17415333 0.         0.         0.03883354 0.00932293 0.         0. 0.         0.         0.         0.09410632 0.05638521 0. 0.         0.03317206 0.09518286 0.02684509 0.         0.03499117 0.        ]
~~~~~~~~~~~~~~~~~~~~~~~~~~~
DATASET: PROTEINS	MODE: new_aug	AUG PROBS: [0.27877819 0.27000046 0.30223571 0.14898564]
~~~~~~~~~~~~~~~~~~~~~~~~~~~
DATASET: PROTEINS	MODE: old_aug	AUG PROBS: [0.03979645 0.0741141  0.04679989 0.06972039 0.03429076 0.07817001 0.00222658 0.06456425 0.06462903 0.03758208 0.06507718 0.04872613 0.         0.04655471 0.         0.06567407 0.06484591 0.05386692 0.02664556 0.0147825  0.03220714 0.04404765 0.00347675 0.02220195 0.        ]
~~~~~~~~~~~~~~~~~~~~~~~~~~~
DATASET: NCI1	MODE: new_aug	AUG PROBS: [0.27961413 0.29903439 0.28910642 0.13224506]
~~~~~~~~~~~~~~~~~~~~~~~~~~~
DATASET: MUTAG	MODE: new_aug	AUG PROBS: [0.3 0.3 0.3 0.1]
~~~~~~~~~~~~~~~~~~~~~~~~~~~
DATASET: MUTAG	MODE: new_aug	AUG PROBS: [0.3 0.3 0.3 0.1]
~~~~~~~~~~~~~~~~~~~~~~~~~~~
DATASET: MUTAG	MODE: new_aug	AUG PROBS: [0.3 0.3 0.3 0.1]
~~~~~~~~~~~~~~~~~~~~~~~~~~~
DATASET: MUTAG	MODE: new_aug	AUG PROBS: [0.3 0.3 0.3 0.1]
~~~~~~~~~~~~~~~~~~~~~~~~~~~
DATASET: NCI1	MODE: new_aug	AUG PROBS: [0.3 0.3 0.3 0.1]
~~~~~~~~~~~~~~~~~~~~~~~~~~~
DATASET: PROTEINS	MODE: new_aug	AUG PROBS: [0.3 0.3 0.3 0.1]
~~~~~~~~~~~~~~~~~~~~~~~~~~~
DATASET: NCI1	MODE: new_aug	AUG PROBS: [0.3 0.3 0.3 0.1]
~~~~~~~~~~~~~~~~~~~~~~~~~~~
DATASET: NCI1	MODE: new_aug	AUG PROBS: [0.00602323 0.04471904 0.         0.03108141 0.01578183 0.04880275
 0.04880275 0.04471904 0.         0.         0.01592659 0.0048061
 0.03272586 0.03272586 0.         0.         0.         0.
 0.         0.         0.         0.03108141 0.01592659 0.
 0.         0.00967341 0.02834071 0.02834071 0.01578183 0.0048061
 0.         0.00967341 0.         0.01513067 0.01513067 0.04880275
 0.03272586 0.         0.02834071 0.01513067 0.0625     0.0625
 0.04880275 0.03272586 0.         0.02834071 0.01513067 0.0625
 0.0625    ]
~~~~~~~~~~~~~~~~~~~~~~~~~~~
DATASET: NCI1	MODE: new_aug	AUG PROBS: [0.01180553 0.08764932 0.         0.06091956 0.03093239 0.04099431
 0.04099431 0.08764932 0.         0.         0.03121611 0.00941996
 0.02748973 0.02748973 0.         0.         0.         0.
 0.         0.         0.         0.06091956 0.03121611 0.
 0.         0.01895989 0.02380619 0.02380619 0.03093239 0.00941996
 0.         0.01895989 0.         0.01270977 0.01270977 0.04099431
 0.02748973 0.         0.02380619 0.01270977 0.0225     0.0225
 0.04099431 0.02748973 0.         0.02380619 0.01270977 0.0225
 0.0225    ]
~~~~~~~~~~~~~~~~~~~~~~~~~~~
DATASET: MUTAG	MODE: new_aug	AUG PROBS: [0.         0.03572105 0.01491403 0.00951056 0.00314183 0.01898625
 0.04430124 0.03572105 0.         0.0134537  0.0415094  0.
 0.02720524 0.0634789  0.01491403 0.0134537  0.         0.00674942
 0.         0.01053515 0.02458201 0.00951056 0.0415094  0.00674942
 0.         0.         0.01733081 0.04043857 0.00314183 0.
 0.         0.         0.         0.00094255 0.00219928 0.01898625
 0.02720524 0.01053515 0.01733081 0.00094255 0.0225     0.0525
 0.04430124 0.0634789  0.02458201 0.04043857 0.00219928 0.0525
 0.1225    ]
~~~~~~~~~~~~~~~~~~~~~~~~~~~
DATASET: NCI1	MODE: new_aug	AUG PROBS: [0.00602323 0.04471904 0.         0.03108141 0.01578183 0.02928165
 0.06832386 0.04471904 0.         0.         0.01592659 0.0048061
 0.01963552 0.04581621 0.         0.         0.         0.
 0.         0.         0.         0.03108141 0.01592659 0.
 0.         0.00967341 0.01700442 0.03967699 0.01578183 0.0048061
 0.         0.00967341 0.         0.0090784  0.02118294 0.02928165
 0.01963552 0.         0.01700442 0.0090784  0.0225     0.0525
 0.06832386 0.04581621 0.         0.03967699 0.02118294 0.0525
 0.1225    ]
~~~~~~~~~~~~~~~~~~~~~~~~~~~
DATASET: MUTAG	MODE: new_aug	AUG PROBS: [0.         0.03572105 0.01491403 0.00951056 0.00314183 0.01898625
 0.04430124 0.03572105 0.         0.0134537  0.0415094  0.
 0.02720524 0.0634789  0.01491403 0.0134537  0.         0.00674942
 0.         0.01053515 0.02458201 0.00951056 0.0415094  0.00674942
 0.         0.         0.01733081 0.04043857 0.00314183 0.
 0.         0.         0.         0.00094255 0.00219928 0.01898625
 0.02720524 0.01053515 0.01733081 0.00094255 0.0225     0.0525
 0.04430124 0.0634789  0.02458201 0.04043857 0.00219928 0.0525
 0.1225    ]
~~~~~~~~~~~~~~~~~~~~~~~~~~~
DATASET: PROTEINS	MODE: new_aug	AUG PROBS: [0.01085303 0.00815541 0.01116406 0.01504934 0.01045637 0.01670346
 0.03897475 0.00815541 0.01234784 0.01021426 0.01301657 0.01145549
 0.01655687 0.0386327  0.01116406 0.01021426 0.         0.01471416
 0.00192655 0.01140571 0.02661332 0.01504934 0.01301657 0.01471416
 0.00075466 0.01687002 0.01812143 0.04228333 0.01045637 0.01145549
 0.00192655 0.01687002 0.         0.01221253 0.0284959  0.01670346
 0.01655687 0.01140571 0.01812143 0.01221253 0.0225     0.0525
 0.03897475 0.0386327  0.02661332 0.04228333 0.0284959  0.0525
 0.1225    ]
~~~~~~~~~~~~~~~~~~~~~~~~~~~
DATASET: NCI1	MODE: new_aug	AUG PROBS: [0.00602323 0.04471904 0.         0.03108141 0.01578183 0.02928165
 0.06832386 0.04471904 0.         0.         0.01592659 0.0048061
 0.01963552 0.04581621 0.         0.         0.         0.
 0.         0.         0.         0.03108141 0.01592659 0.
 0.         0.00967341 0.01700442 0.03967699 0.01578183 0.0048061
 0.         0.00967341 0.         0.0090784  0.02118294 0.02928165
 0.01963552 0.         0.01700442 0.0090784  0.0225     0.0525
 0.06832386 0.04581621 0.         0.03967699 0.02118294 0.0525
 0.1225    ]
~~~~~~~~~~~~~~~~~~~~~~~~~~~
DATASET: MUTAG	MODE: new_aug	AUG PROBS: [0.         0.03572105 0.01491403 0.00951056 0.00314183 0.03164374
 0.03164374 0.03572105 0.         0.0134537  0.0415094  0.
 0.04534207 0.04534207 0.01491403 0.0134537  0.         0.00674942
 0.         0.01755858 0.01755858 0.00951056 0.0415094  0.00674942
 0.         0.         0.02888469 0.02888469 0.00314183 0.
 0.         0.         0.         0.00157092 0.00157092 0.03164374
 0.04534207 0.01755858 0.02888469 0.00157092 0.0625     0.0625
 0.03164374 0.04534207 0.01755858 0.02888469 0.00157092 0.0625
 0.0625    ]
~~~~~~~~~~~~~~~~~~~~~~~~~~~
DATASET: PROTEINS	MODE: new_aug	AUG PROBS: [0.01085303 0.00815541 0.01116406 0.01504934 0.01045637 0.02783911
 0.02783911 0.00815541 0.01234784 0.01021426 0.01301657 0.01145549
 0.02759479 0.02759479 0.01116406 0.01021426 0.         0.01471416
 0.00192655 0.01900951 0.01900951 0.01504934 0.01301657 0.01471416
 0.00075466 0.01687002 0.03020238 0.03020238 0.01045637 0.01145549
 0.00192655 0.01687002 0.         0.02035422 0.02035422 0.02783911
 0.02759479 0.01900951 0.03020238 0.02035422 0.0625     0.0625
 0.02783911 0.02759479 0.01900951 0.03020238 0.02035422 0.0625
 0.0625    ]
~~~~~~~~~~~~~~~~~~~~~~~~~~~
DATASET: PROTEINS	MODE: new_aug	AUG PROBS: [0.01085303 0.00815541 0.01116406 0.01504934 0.01045637 0.03897475
 0.01670346 0.00815541 0.01234784 0.01021426 0.01301657 0.01145549
 0.0386327  0.01655687 0.01116406 0.01021426 0.         0.01471416
 0.00192655 0.02661332 0.01140571 0.01504934 0.01301657 0.01471416
 0.00075466 0.01687002 0.04228333 0.01812143 0.01045637 0.01145549
 0.00192655 0.01687002 0.         0.0284959  0.01221253 0.03897475
 0.0386327  0.02661332 0.04228333 0.0284959  0.1225     0.0525
 0.01670346 0.01655687 0.01140571 0.01812143 0.01221253 0.0525
 0.0225    ]
~~~~~~~~~~~~~~~~~~~~~~~~~~~
DATASET: MUTAG	MODE: new_aug	AUG PROBS: [0.         0.03572105 0.01491403 0.00951056 0.00314183 0.04430124
 0.01898625 0.03572105 0.         0.0134537  0.0415094  0.
 0.0634789  0.02720524 0.01491403 0.0134537  0.         0.00674942
 0.         0.02458201 0.01053515 0.00951056 0.0415094  0.00674942
 0.         0.         0.04043857 0.01733081 0.00314183 0.
 0.         0.         0.         0.00219928 0.00094255 0.04430124
 0.0634789  0.02458201 0.04043857 0.00219928 0.1225     0.0525
 0.01898625 0.02720524 0.01053515 0.01733081 0.00094255 0.0525
 0.0225    ]
~~~~~~~~~~~~~~~~~~~~~~~~~~~
DATASET: PROTEINS	MODE: new_aug	AUG PROBS: [0.02127194 0.01598461 0.02188155 0.02949671 0.02049448 0.01403091
 0.03273879 0.01598461 0.02420177 0.02001994 0.02551247 0.02245277
 0.01390777 0.03245147 0.02188155 0.02001994 0.         0.02883976
 0.00377604 0.00958079 0.02235519 0.02949671 0.02551247 0.02883976
 0.00147914 0.03306524 0.015222   0.035518   0.02049448 0.02245277
 0.00377604 0.03306524 0.         0.01025852 0.02393656 0.01403091
 0.01390777 0.00958079 0.015222   0.01025852 0.0081     0.0189
 0.03273879 0.03245147 0.02235519 0.035518   0.02393656 0.0189
 0.0441    ]
~~~~~~~~~~~~~~~~~~~~~~~~~~~
DATASET: MUTAG	MODE: new_aug	AUG PROBS: [0.         0.07001327 0.02923151 0.0186407  0.00615799 0.01594845
 0.03721304 0.07001327 0.         0.02636924 0.08135842 0.
 0.0228524  0.05332228 0.02923151 0.02636924 0.         0.01322887
 0.         0.00884952 0.02064889 0.0186407  0.08135842 0.01322887
 0.         0.         0.01455788 0.0339684  0.00615799 0.
 0.         0.         0.         0.00079174 0.0018474  0.01594845
 0.0228524  0.00884952 0.01455788 0.00079174 0.0081     0.0189
 0.03721304 0.05332228 0.02064889 0.0339684  0.0018474  0.0189
 0.0441    ]
~~~~~~~~~~~~~~~~~~~~~~~~~~~
DATASET: NCI1	MODE: new_aug	AUG PROBS: [0.00602323 0.04471904 0.         0.03108141 0.01578183 0.04880275
 0.04880275 0.04471904 0.         0.         0.01592659 0.0048061
 0.03272586 0.03272586 0.         0.         0.         0.
 0.         0.         0.         0.03108141 0.01592659 0.
 0.         0.00967341 0.02834071 0.02834071 0.01578183 0.0048061
 0.         0.00967341 0.         0.01513067 0.01513067 0.04880275
 0.03272586 0.         0.02834071 0.01513067 0.0625     0.0625
 0.04880275 0.03272586 0.         0.02834071 0.01513067 0.0625
 0.0625    ]
~~~~~~~~~~~~~~~~~~~~~~~~~~~
DATASET: PROTEINS	MODE: new_aug	AUG PROBS: [0.02127194 0.01598461 0.02188155 0.02949671 0.02049448 0.02338485
 0.02338485 0.01598461 0.02420177 0.02001994 0.02551247 0.02245277
 0.02317962 0.02317962 0.02188155 0.02001994 0.         0.02883976
 0.00377604 0.01596799 0.01596799 0.02949671 0.02551247 0.02883976
 0.00147914 0.03306524 0.02537    0.02537    0.02049448 0.02245277
 0.00377604 0.03306524 0.         0.01709754 0.01709754 0.02338485
 0.02317962 0.01596799 0.02537    0.01709754 0.0225     0.0225
 0.02338485 0.02317962 0.01596799 0.02537    0.01709754 0.0225
 0.0225    ]
~~~~~~~~~~~~~~~~~~~~~~~~~~~
DATASET: MUTAG	MODE: new_aug	AUG PROBS: [0.         0.07001327 0.02923151 0.0186407  0.00615799 0.02658074
 0.02658074 0.07001327 0.         0.02636924 0.08135842 0.
 0.03808734 0.03808734 0.02923151 0.02636924 0.         0.01322887
 0.         0.0147492  0.0147492  0.0186407  0.08135842 0.01322887
 0.         0.         0.02426314 0.02426314 0.00615799 0.
 0.         0.         0.         0.00131957 0.00131957 0.02658074
 0.03808734 0.0147492  0.02426314 0.00131957 0.0225     0.0225
 0.02658074 0.03808734 0.0147492  0.02426314 0.00131957 0.0225
 0.0225    ]
~~~~~~~~~~~~~~~~~~~~~~~~~~~
DATASET: PROTEINS	MODE: new_aug	AUG PROBS: [0.02127194 0.01598461 0.02188155 0.02949671 0.02049448 0.03273879
 0.01403091 0.01598461 0.02420177 0.02001994 0.02551247 0.02245277
 0.03245147 0.01390777 0.02188155 0.02001994 0.         0.02883976
 0.00377604 0.02235519 0.00958079 0.02949671 0.02551247 0.02883976
 0.00147914 0.03306524 0.035518   0.015222   0.02049448 0.02245277
 0.00377604 0.03306524 0.         0.02393656 0.01025852 0.03273879
 0.03245147 0.02235519 0.035518   0.02393656 0.0441     0.0189
 0.01403091 0.01390777 0.00958079 0.015222   0.01025852 0.0189
 0.0081    ]
~~~~~~~~~~~~~~~~~~~~~~~~~~~
DATASET: PROTEINS	MODE: new_aug	AUG PROBS: [0.03516383 0.02642354 0.03617155 0.04875987 0.03387863 0.00601325
 0.01403091 0.02642354 0.04000701 0.03309419 0.04217367 0.0371158
 0.00596047 0.01390777 0.03617155 0.03309419 0.         0.04767388
 0.00624202 0.00410605 0.00958079 0.04875987 0.04217367 0.04767388
 0.00244511 0.05465887 0.00652371 0.015222   0.03387863 0.0371158
 0.00624202 0.05465887 0.         0.00439651 0.01025852 0.00601325
 0.00596047 0.00410605 0.00652371 0.00439651 0.0009     0.0021
 0.01403091 0.01390777 0.00958079 0.015222   0.01025852 0.0021
 0.0049    ]
~~~~~~~~~~~~~~~~~~~~~~~~~~~
DATASET: MUTAG	MODE: new_aug	AUG PROBS: [0.         0.07001327 0.02923151 0.0186407  0.00615799 0.03721304
 0.01594845 0.07001327 0.         0.02636924 0.08135842 0.
 0.05332228 0.0228524  0.02923151 0.02636924 0.         0.01322887
 0.         0.02064889 0.00884952 0.0186407  0.08135842 0.01322887
 0.         0.         0.0339684  0.01455788 0.00615799 0.
 0.         0.         0.         0.0018474  0.00079174 0.03721304
 0.05332228 0.02064889 0.0339684  0.0018474  0.0441     0.0189
 0.01594845 0.0228524  0.00884952 0.01455788 0.00079174 0.0189
 0.0081    ]
~~~~~~~~~~~~~~~~~~~~~~~~~~~
DATASET: NCI1	MODE: new_aug	AUG PROBS: [0.00602323 0.04471904 0.         0.03108141 0.01578183 0.06832386
 0.02928165 0.04471904 0.         0.         0.01592659 0.0048061
 0.04581621 0.01963552 0.         0.         0.         0.
 0.         0.         0.         0.03108141 0.01592659 0.
 0.         0.00967341 0.03967699 0.01700442 0.01578183 0.0048061
 0.         0.00967341 0.         0.02118294 0.0090784  0.06832386
 0.04581621 0.         0.03967699 0.02118294 0.1225     0.0525
 0.02928165 0.01963552 0.         0.01700442 0.0090784  0.0525
 0.0225    ]
~~~~~~~~~~~~~~~~~~~~~~~~~~~
DATASET: PROTEINS	MODE: new_aug	AUG PROBS: [0.03516383 0.02642354 0.03617155 0.04875987 0.03387863 0.01002208
 0.01002208 0.02642354 0.04000701 0.03309419 0.04217367 0.0371158
 0.00993412 0.00993412 0.03617155 0.03309419 0.         0.04767388
 0.00624202 0.00684342 0.00684342 0.04875987 0.04217367 0.04767388
 0.00244511 0.05465887 0.01087286 0.01087286 0.03387863 0.0371158
 0.00624202 0.05465887 0.         0.00732752 0.00732752 0.01002208
 0.00993412 0.00684342 0.01087286 0.00732752 0.0025     0.0025
 0.01002208 0.00993412 0.00684342 0.01087286 0.00732752 0.0025
 0.0025    ]
~~~~~~~~~~~~~~~~~~~~~~~~~~~
DATASET: MUTAG	MODE: new_aug	AUG PROBS: [0.         0.11573621 0.04832147 0.03081422 0.01017954 0.00683505
 0.01594845 0.11573621 0.         0.04358998 0.13449044 0.
 0.00979389 0.0228524  0.04832147 0.04358998 0.         0.02186813
 0.         0.00379265 0.00884952 0.03081422 0.13449044 0.02186813
 0.         0.         0.00623909 0.01455788 0.01017954 0.
 0.         0.         0.         0.00033932 0.00079174 0.00683505
 0.00979389 0.00379265 0.00623909 0.00033932 0.0009     0.0021
 0.01594845 0.0228524  0.00884952 0.01455788 0.00079174 0.0021
 0.0049    ]
~~~~~~~~~~~~~~~~~~~~~~~~~~~
DATASET: PROTEINS	MODE: new_aug	AUG PROBS: [0.03516383 0.02642354 0.03617155 0.04875987 0.03387863 0.01403091
 0.00601325 0.02642354 0.04000701 0.03309419 0.04217367 0.0371158
 0.01390777 0.00596047 0.03617155 0.03309419 0.         0.04767388
 0.00624202 0.00958079 0.00410605 0.04875987 0.04217367 0.04767388
 0.00244511 0.05465887 0.015222   0.00652371 0.03387863 0.0371158
 0.00624202 0.05465887 0.         0.01025852 0.00439651 0.01403091
 0.01390777 0.00958079 0.015222   0.01025852 0.0049     0.0021
 0.00601325 0.00596047 0.00410605 0.00652371 0.00439651 0.0021
 0.0009    ]
~~~~~~~~~~~~~~~~~~~~~~~~~~~
DATASET: MUTAG	MODE: new_aug	AUG PROBS: [0.         0.11573621 0.04832147 0.03081422 0.01017954 0.01139175
 0.01139175 0.11573621 0.         0.04358998 0.13449044 0.
 0.01632315 0.01632315 0.04832147 0.04358998 0.         0.02186813
 0.         0.00632109 0.00632109 0.03081422 0.13449044 0.02186813
 0.         0.         0.01039849 0.01039849 0.01017954 0.
 0.         0.         0.         0.00056553 0.00056553 0.01139175
 0.01632315 0.00632109 0.01039849 0.00056553 0.0025     0.0025
 0.01139175 0.01632315 0.00632109 0.01039849 0.00056553 0.0025
 0.0025    ]
~~~~~~~~~~~~~~~~~~~~~~~~~~~
DATASET: PROTEINS	MODE: new_aug	AUG PROBS: [0.01085303 0.00815541 0.01116406 0.01504934 0.01045637 0.05567821
 0.00815541 0.01234784 0.01021426 0.01301657 0.01145549 0.05518957
 0.01116406 0.01021426 0.         0.01471416 0.00192655 0.03801902
 0.01504934 0.01301657 0.01471416 0.00075466 0.01687002 0.06040476
 0.01045637 0.01145549 0.00192655 0.01687002 0.         0.04070843
 0.05567821 0.05518957 0.03801902 0.06040476 0.04070843 0.25      ]
~~~~~~~~~~~~~~~~~~~~~~~~~~~
DATASET: NCI1	MODE: new_aug	AUG PROBS: [0.01180553 0.08764932 0.         0.06091956 0.03093239 0.02459659
 0.05739204 0.08764932 0.         0.         0.03121611 0.00941996
 0.01649384 0.03848562 0.         0.         0.         0.
 0.         0.         0.         0.06091956 0.03121611 0.
 0.         0.01895989 0.01428372 0.03332867 0.03093239 0.00941996
 0.         0.01895989 0.         0.00762586 0.01779367 0.02459659
 0.01649384 0.         0.01428372 0.00762586 0.0081     0.0189
 0.05739204 0.03848562 0.         0.03332867 0.01779367 0.0189
 0.0441    ]
~~~~~~~~~~~~~~~~~~~~~~~~~~~
DATASET: PROTEINS	MODE: new_aug	AUG PROBS: [0.02127194 0.01598461 0.02188155 0.02949671 0.02049448 0.0467697
 0.01598461 0.02420177 0.02001994 0.02551247 0.02245277 0.04635924
 0.02188155 0.02001994 0.         0.02883976 0.00377604 0.03193598
 0.02949671 0.02551247 0.02883976 0.00147914 0.03306524 0.05074
 0.02049448 0.02245277 0.00377604 0.03306524 0.         0.03419508
 0.0467697  0.04635924 0.03193598 0.05074    0.03419508 0.09      ]
~~~~~~~~~~~~~~~~~~~~~~~~~~~
DATASET: MUTAG	MODE: new_aug	AUG PROBS: [0.         0.11573621 0.04832147 0.03081422 0.01017954 0.01594845
 0.00683505 0.11573621 0.         0.04358998 0.13449044 0.
 0.0228524  0.00979389 0.04832147 0.04358998 0.         0.02186813
 0.         0.00884952 0.00379265 0.03081422 0.13449044 0.02186813
 0.         0.         0.01455788 0.00623909 0.01017954 0.
 0.         0.         0.         0.00079174 0.00033932 0.01594845
 0.0228524  0.00884952 0.01455788 0.00079174 0.0049     0.0021
 0.00683505 0.00979389 0.00379265 0.00623909 0.00033932 0.0021
 0.0009    ]
~~~~~~~~~~~~~~~~~~~~~~~~~~~
DATASET: PROTEINS	MODE: new_aug	AUG PROBS: [0.03516383 0.02642354 0.03617155 0.04875987 0.03387863 0.02004416
 0.02642354 0.04000701 0.03309419 0.04217367 0.0371158  0.01986825
 0.03617155 0.03309419 0.         0.04767388 0.00624202 0.01368685
 0.04875987 0.04217367 0.04767388 0.00244511 0.05465887 0.02174571
 0.03387863 0.0371158  0.00624202 0.05465887 0.         0.01465504
 0.02004416 0.01986825 0.01368685 0.02174571 0.01465504 0.01      ]
~~~~~~~~~~~~~~~~~~~~~~~~~~~
DATASET: MUTAG	MODE: new_aug	AUG PROBS: [0.         0.03572105 0.01491403 0.00951056 0.00314183 0.06328748
 0.03572105 0.         0.0134537  0.0415094  0.         0.09068415
 0.01491403 0.0134537  0.         0.00674942 0.         0.03511715
 0.00951056 0.0415094  0.00674942 0.         0.         0.05776938
 0.00314183 0.         0.         0.         0.         0.00314183
 0.06328748 0.09068415 0.03511715 0.05776938 0.00314183 0.25      ]
~~~~~~~~~~~~~~~~~~~~~~~~~~~
DATASET: NCI1	MODE: new_aug	AUG PROBS: [0.01180553 0.08764932 0.         0.06091956 0.03093239 0.04099431
 0.04099431 0.08764932 0.         0.         0.03121611 0.00941996
 0.02748973 0.02748973 0.         0.         0.         0.
 0.         0.         0.         0.06091956 0.03121611 0.
 0.         0.01895989 0.02380619 0.02380619 0.03093239 0.00941996
 0.         0.01895989 0.         0.01270977 0.01270977 0.04099431
 0.02748973 0.         0.02380619 0.01270977 0.0225     0.0225
 0.04099431 0.02748973 0.         0.02380619 0.01270977 0.0225
 0.0225    ]
~~~~~~~~~~~~~~~~~~~~~~~~~~~
DATASET: MUTAG	MODE: new_aug	AUG PROBS: [0.         0.07001327 0.02923151 0.0186407  0.00615799 0.05316149
 0.07001327 0.         0.02636924 0.08135842 0.         0.07617468
 0.02923151 0.02636924 0.         0.01322887 0.         0.02949841
 0.0186407  0.08135842 0.01322887 0.         0.         0.04852628
 0.00615799 0.         0.         0.         0.         0.00263914
 0.05316149 0.07617468 0.02949841 0.04852628 0.00263914 0.09      ]
~~~~~~~~~~~~~~~~~~~~~~~~~~~
DATASET: PROTEINS	MODE: new_aug	AUG PROBS: [0.01085303 0.00815541 0.01116406 0.01504934 0.01045637 0.05567821
 0.00815541 0.01234784 0.01021426 0.01301657 0.01145549 0.05518957
 0.01116406 0.01021426 0.         0.01471416 0.00192655 0.03801902
 0.01504934 0.01301657 0.01471416 0.00075466 0.01687002 0.06040476
 0.01045637 0.01145549 0.00192655 0.01687002 0.         0.04070843
 0.05567821 0.05518957 0.03801902 0.06040476 0.04070843 0.25      ]
~~~~~~~~~~~~~~~~~~~~~~~~~~~
DATASET: MUTAG	MODE: new_aug	AUG PROBS: [0.         0.11573621 0.04832147 0.03081422 0.01017954 0.02278349
 0.11573621 0.         0.04358998 0.13449044 0.         0.03264629
 0.04832147 0.04358998 0.         0.02186813 0.         0.01264218
 0.03081422 0.13449044 0.02186813 0.         0.         0.02079698
 0.01017954 0.         0.         0.         0.         0.00113106
 0.02278349 0.03264629 0.01264218 0.02079698 0.00113106 0.01      ]
~~~~~~~~~~~~~~~~~~~~~~~~~~~
DATASET: NCI1	MODE: new_aug	AUG PROBS: [0.01180553 0.08764932 0.         0.06091956 0.03093239 0.05739204
 0.02459659 0.08764932 0.         0.         0.03121611 0.00941996
 0.03848562 0.01649384 0.         0.         0.         0.
 0.         0.         0.         0.06091956 0.03121611 0.
 0.         0.01895989 0.03332867 0.01428372 0.03093239 0.00941996
 0.         0.01895989 0.         0.01779367 0.00762586 0.05739204
 0.03848562 0.         0.03332867 0.01779367 0.0441     0.0189
 0.02459659 0.01649384 0.         0.01428372 0.00762586 0.0189
 0.0081    ]
~~~~~~~~~~~~~~~~~~~~~~~~~~~
DATASET: MUTAG	MODE: new_aug	AUG PROBS: [0.         0.03572105 0.01491403 0.00951056 0.00314183 0.06328748
 0.03572105 0.         0.0134537  0.0415094  0.         0.09068415
 0.01491403 0.0134537  0.         0.00674942 0.         0.03511715
 0.00951056 0.0415094  0.00674942 0.         0.         0.05776938
 0.00314183 0.         0.         0.         0.         0.00314183
 0.06328748 0.09068415 0.03511715 0.05776938 0.00314183 0.25      ]
~~~~~~~~~~~~~~~~~~~~~~~~~~~
DATASET: PROTEINS	MODE: new_aug	AUG PROBS: [0.02127194 0.01598461 0.02188155 0.02949671 0.02049448 0.0467697
 0.01598461 0.02420177 0.02001994 0.02551247 0.02245277 0.04635924
 0.02188155 0.02001994 0.         0.02883976 0.00377604 0.03193598
 0.02949671 0.02551247 0.02883976 0.00147914 0.03306524 0.05074
 0.02049448 0.02245277 0.00377604 0.03306524 0.         0.03419508
 0.0467697  0.04635924 0.03193598 0.05074    0.03419508 0.09      ]
~~~~~~~~~~~~~~~~~~~~~~~~~~~
DATASET: NCI1	MODE: new_aug	AUG PROBS: [0.01951527 0.14488969 0.         0.10070376 0.05113313 0.01054139
 0.02459659 0.14488969 0.         0.         0.05160215 0.01557177
 0.00706879 0.01649384 0.         0.         0.         0.
 0.         0.         0.         0.10070376 0.05160215 0.
 0.         0.03134186 0.00612159 0.01428372 0.05113313 0.01557177
 0.         0.03134186 0.         0.00326823 0.00762586 0.01054139
 0.00706879 0.         0.00612159 0.00326823 0.0009     0.0021
 0.02459659 0.01649384 0.         0.01428372 0.00762586 0.0021
 0.0049    ]
~~~~~~~~~~~~~~~~~~~~~~~~~~~
DATASET: PROTEINS	MODE: new_aug	AUG PROBS: [0.03516383 0.02642354 0.03617155 0.04875987 0.03387863 0.02004416
 0.02642354 0.04000701 0.03309419 0.04217367 0.0371158  0.01986825
 0.03617155 0.03309419 0.         0.04767388 0.00624202 0.01368685
 0.04875987 0.04217367 0.04767388 0.00244511 0.05465887 0.02174571
 0.03387863 0.0371158  0.00624202 0.05465887 0.         0.01465504
 0.02004416 0.01986825 0.01368685 0.02174571 0.01465504 0.01      ]
~~~~~~~~~~~~~~~~~~~~~~~~~~~
DATASET: MUTAG	MODE: new_aug	AUG PROBS: [0.         0.07001327 0.02923151 0.0186407  0.00615799 0.05316149
 0.07001327 0.         0.02636924 0.08135842 0.         0.07617468
 0.02923151 0.02636924 0.         0.01322887 0.         0.02949841
 0.0186407  0.08135842 0.01322887 0.         0.         0.04852628
 0.00615799 0.         0.         0.         0.         0.00263914
 0.05316149 0.07617468 0.02949841 0.04852628 0.00263914 0.09      ]
~~~~~~~~~~~~~~~~~~~~~~~~~~~
DATASET: NCI1	MODE: new_aug	AUG PROBS: [0.01951527 0.14488969 0.         0.10070376 0.05113313 0.01756899
 0.01756899 0.14488969 0.         0.         0.05160215 0.01557177
 0.01178131 0.01178131 0.         0.         0.         0.
 0.         0.         0.         0.10070376 0.05160215 0.
 0.         0.03134186 0.01020265 0.01020265 0.05113313 0.01557177
 0.         0.03134186 0.         0.00544704 0.00544704 0.01756899
 0.01178131 0.         0.01020265 0.00544704 0.0025     0.0025
 0.01756899 0.01178131 0.         0.01020265 0.00544704 0.0025
 0.0025    ]
~~~~~~~~~~~~~~~~~~~~~~~~~~~
DATASET: MUTAG	MODE: new_aug	AUG PROBS: [0.         0.11573621 0.04832147 0.03081422 0.01017954 0.02278349
 0.11573621 0.         0.04358998 0.13449044 0.         0.03264629
 0.04832147 0.04358998 0.         0.02186813 0.         0.01264218
 0.03081422 0.13449044 0.02186813 0.         0.         0.02079698
 0.01017954 0.         0.         0.         0.         0.00113106
 0.02278349 0.03264629 0.01264218 0.02079698 0.00113106 0.01      ]
~~~~~~~~~~~~~~~~~~~~~~~~~~~
DATASET: NCI1	MODE: new_aug	AUG PROBS: [0.01951527 0.14488969 0.         0.10070376 0.05113313 0.02459659
 0.01054139 0.14488969 0.         0.         0.05160215 0.01557177
 0.01649384 0.00706879 0.         0.         0.         0.
 0.         0.         0.         0.10070376 0.05160215 0.
 0.         0.03134186 0.01428372 0.00612159 0.05113313 0.01557177
 0.         0.03134186 0.         0.00762586 0.00326823 0.02459659
 0.01649384 0.         0.01428372 0.00762586 0.0049     0.0021
 0.01054139 0.00706879 0.         0.00612159 0.00326823 0.0021
 0.0009    ]
~~~~~~~~~~~~~~~~~~~~~~~~~~~
DATASET: NCI1	MODE: new_aug	AUG PROBS: [0.00602323 0.04471904 0.         0.03108141 0.01578183 0.09760551
 0.04471904 0.         0.         0.01592659 0.0048061  0.06545173
 0.         0.         0.         0.         0.         0.
 0.03108141 0.01592659 0.         0.         0.00967341 0.05668141
 0.01578183 0.0048061  0.         0.00967341 0.         0.03026135
 0.09760551 0.06545173 0.         0.05668141 0.03026135 0.25      ]
~~~~~~~~~~~~~~~~~~~~~~~~~~~
DATASET: NCI1	MODE: new_aug	AUG PROBS: [0.01180553 0.08764932 0.         0.06091956 0.03093239 0.08198863
 0.08764932 0.         0.         0.03121611 0.00941996 0.05497945
 0.         0.         0.         0.         0.         0.
 0.06091956 0.03121611 0.         0.         0.01895989 0.04761239
 0.03093239 0.00941996 0.         0.01895989 0.         0.02541953
 0.08198863 0.05497945 0.         0.04761239 0.02541953 0.09      ]
~~~~~~~~~~~~~~~~~~~~~~~~~~~
DATASET: NCI1	MODE: new_aug	AUG PROBS: [0.01951527 0.14488969 0.         0.10070376 0.05113313 0.03513798
 0.14488969 0.         0.         0.05160215 0.01557177 0.02356262
 0.         0.         0.         0.         0.         0.
 0.10070376 0.05160215 0.         0.         0.03134186 0.02040531
 0.05113313 0.01557177 0.         0.03134186 0.         0.01089409
 0.03513798 0.02356262 0.         0.02040531 0.01089409 0.01      ]
~~~~~~~~~~~~~~~~~~~~~~~~~~~
DATASET: NCI1	MODE: new_aug	AUG PROBS: [0.00602323 0.04471904 0.         0.03108141 0.01578183 0.09760551
 0.04471904 0.         0.         0.01592659 0.0048061  0.06545173
 0.         0.         0.         0.         0.         0.
 0.03108141 0.01592659 0.         0.         0.00967341 0.05668141
 0.01578183 0.0048061  0.         0.00967341 0.         0.03026135
 0.09760551 0.06545173 0.         0.05668141 0.03026135 0.25      ]
~~~~~~~~~~~~~~~~~~~~~~~~~~~
DATASET: NCI1	MODE: new_aug	AUG PROBS: [0.01180553 0.08764932 0.         0.06091956 0.03093239 0.08198863
 0.08764932 0.         0.         0.03121611 0.00941996 0.05497945
 0.         0.         0.         0.         0.         0.
 0.06091956 0.03121611 0.         0.         0.01895989 0.04761239
 0.03093239 0.00941996 0.         0.01895989 0.         0.02541953
 0.08198863 0.05497945 0.         0.04761239 0.02541953 0.09      ]
~~~~~~~~~~~~~~~~~~~~~~~~~~~
DATASET: NCI1	MODE: new_aug	AUG PROBS: [0.01951527 0.14488969 0.         0.10070376 0.05113313 0.03513798
 0.14488969 0.         0.         0.05160215 0.01557177 0.02356262
 0.         0.         0.         0.         0.         0.
 0.10070376 0.05160215 0.         0.         0.03134186 0.02040531
 0.05113313 0.01557177 0.         0.03134186 0.         0.01089409
 0.03513798 0.02356262 0.         0.02040531 0.01089409 0.01      ]
